Objetos:
  BolasBoliche:
    - x: 54.4
      y: 44.2
  GlobosHelio:
    - x: 67.4
      y: 80.8
    - x: 78.6
      y: 73.8
    - x: 54.8
      y: 35.8
  Plataformas:
    - x: 36.8
      y: 46.4
      ancho: 100
      rotacion: 44.46337103573974
    - x: 64
      y: 36.8
      ancho: 84.8
      rotacion: -37.89419439271489
Nivel:
  Nombre: yaml1
  Fondo: ""